0.00,0.336982
0.01,0.345629
0.02,0.288861
0.03,0.316763
0.05,0.313228
0.06,0.347141
0.07,0.266967
0.08,0.291980
0.09,0.321744
0.10,0.298700
0.12,0.242561
0.13,0.217444
0.14,0.233839
0.15,0.198877
0.16,0.185335
0.17,0.192719
0.19,0.256471
0.20,0.288442
0.21,0.319490
0.22,0.196537
0.23,0.144707
0.24,0.280527
0.26,0.220950
0.27,0.230311
0.28,0.220642
0.29,0.220829
0.30,0.280803
0.31,0.291405
0.33,0.210365
0.34,0.134867
0.35,0.301581
0.36,0.281908
0.37,0.167233
0.38,0.246188
0.39,0.144565
0.41,0.196358
0.42,0.267987
0.43,0.275615
0.44,0.241162
0.45,0.165085
0.46,0.178269
0.48,0.282612
0.49,0.328438
0.50,0.205793
0.51,0.264166
0.52,0.375011
0.53,0.467178
0.55,0.479822
0.56,0.419188
0.57,0.365292
0.58,0.287864
0.59,0.395942
0.60,0.414147
0.62,0.359375
0.63,0.404745
0.64,0.382982
0.65,0.362063
0.66,0.346689
0.67,0.251577
0.68,0.320895
0.70,0.347296
0.71,0.260584
0.72,0.258947
0.73,0.289050
0.74,0.258552
0.75,0.341719
0.77,0.396315
0.78,0.279333
0.79,0.250557
0.80,0.414841
0.81,0.357085
0.82,0.294637
0.84,0.391693
0.85,0.323712
0.86,0.270431
0.87,0.192945
0.88,0.233571
0.89,0.382372
0.91,0.319282
0.92,0.228863
0.93,0.278201
0.94,0.196341
0.95,0.263420
0.96,0.298095
0.98,0.243518
0.99,0.255322
1.00,0.201218
1.01,0.261012
1.02,0.277267
1.03,0.183527
1.04,0.144186
1.06,0.220486
1.07,0.251888
1.08,0.248466
1.09,0.286649
1.10,0.344210
1.11,0.428022
1.13,0.364222
1.14,0.394241
1.15,0.306874
1.16,0.448189
1.17,0.511170
1.18,0.499426
1.20,0.583317
1.21,0.309806
1.22,0.389075
1.23,0.453289
1.24,0.363585
1.25,0.318864
1.27,0.289924
1.28,0.265099
1.29,0.328990
1.30,0.440074
1.31,0.377786
1.32,0.214036
1.34,0.366403
1.35,0.348064
1.36,0.302420
1.37,0.220224
1.38,0.308115
1.39,0.370179
1.40,0.381544
1.42,0.393877
1.43,0.338821
1.44,0.326793
1.45,0.308032
1.46,0.289401
1.47,0.247777
1.49,0.260404
1.50,0.319487
1.51,0.295302
1.52,0.252336
1.53,0.254660
1.54,0.232890
1.56,0.271691
1.57,0.229083
1.58,0.284028
1.59,0.221937
1.60,0.246367
1.61,0.245140
1.63,0.267574
1.64,0.209267
1.65,0.256468
1.66,0.242824
1.67,0.189028
1.68,0.289297
1.70,0.340840
1.71,0.362421
1.72,0.407283
1.73,0.515379
1.74,0.372701
1.75,0.487719
1.76,0.502192
1.78,0.430956
1.79,0.220775
1.80,0.235325
1.81,0.264344
1.82,0.283537
1.83,0.353855
1.85,0.280087
1.86,0.295942
1.87,0.271322
1.88,0.428660
1.89,0.316565
1.90,0.187893
1.92,0.352906
1.93,0.336906
1.94,0.195818
1.95,0.280515
1.96,0.272268
1.97,0.219121
1.99,0.296794
2.00,0.292583
2.01,0.320300
2.02,0.290906
2.03,0.318350
2.04,0.300104
2.05,0.279528
2.07,0.270901
2.08,0.195495
2.09,0.186677
2.10,0.183604
2.11,0.132143
2.12,0.190880
2.14,0.240221
2.15,0.234669
2.16,0.221715
2.17,0.201806
2.18,0.177929
2.19,0.147411
2.21,0.132018
2.22,0.177045
2.23,0.197076
2.24,0.146537
2.25,0.136181
2.26,0.140081
2.28,0.154401
2.29,0.285462
2.30,0.437786
2.31,0.462990
2.32,0.357570
2.33,0.421925
2.35,0.550387
2.36,0.534797
2.37,0.486701
2.38,0.412005
2.39,0.271289
2.40,0.354843
2.41,0.373899
2.43,0.396736
2.44,0.248309
2.45,0.214045
2.46,0.376629
2.47,0.398785
2.48,0.331000
2.50,0.270550
2.51,0.329660
2.52,0.320447
2.53,0.287244
2.54,0.330011
2.55,0.180404
2.57,0.305214
2.58,0.398605
2.59,0.278987
2.60,0.173307
2.61,0.338551
2.62,0.322296
2.64,0.369164
2.65,0.309697
2.66,0.301244
2.67,0.197136
2.68,0.314676
2.69,0.300180
2.71,0.248324
2.72,0.241165
2.73,0.200727
2.74,0.206571
2.75,0.217200
2.76,0.179499
2.77,0.162789
2.79,0.164604
2.80,0.079020
2.81,0.153184
2.82,0.194914
2.83,0.165637
2.84,0.158630
2.86,0.174060
2.87,0.251095
2.88,0.276327
2.89,0.300153
2.90,0.423809
2.91,0.410517
2.93,0.318827
2.94,0.251047
2.95,0.267339
2.96,0.318685
2.97,0.364188
2.98,0.337470
3.00,0.378895
3.01,0.390910
3.02,0.317438
3.03,0.376180
3.04,0.284146
3.05,0.255710
3.07,0.304935
3.08,0.322600
3.09,0.194216
3.10,0.243442
3.11,0.306368
3.12,0.221449
3.13,0.180485
3.15,0.239757
3.16,0.249644
3.17,0.242718
3.18,0.191103
3.19,0.240378
3.20,0.232270
3.22,0.150394
3.23,0.140897
3.24,0.099275
3.25,0.095070
3.26,0.072816
3.27,0.058449
3.29,0.087165
3.30,0.053522
3.31,0.069289
3.32,0.106410
3.33,0.098235
3.34,0.106796
3.36,0.104539
3.37,0.077223
3.38,0.122281
3.39,0.103794
3.40,0.082492
3.41,0.118171
3.42,0.153949
3.44,0.122752
3.45,0.117718
3.46,0.116914
3.47,0.121127
3.48,0.159349
3.49,0.388437
3.51,0.405171
3.52,0.401436
3.53,0.317016
3.54,0.366780
3.55,0.415458
3.56,0.533989
3.58,0.347098
3.59,0.367871
3.60,0.370284
3.61,0.408094
3.62,0.483835
3.63,0.395652
3.65,0.348671
3.66,0.286023
3.67,0.362922
3.68,0.467684
3.69,0.425397
3.70,0.314598
3.72,0.313870
3.73,0.225279
3.74,0.347954
3.75,0.465245
3.76,0.396905
3.77,0.413044
3.78,0.368341
3.80,0.219596
3.81,0.365641
3.82,0.406846
3.83,0.406226
3.84,0.275334
3.85,0.244152
3.87,0.309520
3.88,0.290198
3.89,0.315780
3.90,0.356717
3.91,0.300391
3.92,0.256743
3.94,0.284991
3.95,0.158182
3.96,0.239223
3.97,0.267527
3.98,0.242358
3.99,0.243204
4.01,0.286493
4.02,0.155925
4.03,0.184431
4.04,0.241920
4.05,0.237361
4.06,0.244171
4.08,0.285516
4.09,0.235914
4.10,0.202164
4.11,0.396927
4.12,0.481188
4.13,0.459275
4.14,0.439560
4.16,0.401639
4.17,0.452570
4.18,0.365016
4.19,0.331183
4.20,0.287098
4.21,0.297008
4.23,0.289274
4.24,0.402293
4.25,0.382421
4.26,0.293799
4.27,0.334611
4.28,0.266091
4.30,0.222778
4.31,0.288067
4.32,0.332461
4.33,0.286595
4.34,0.284737
4.35,0.177938
4.37,0.193118
4.38,0.266407
4.39,0.308748
4.40,0.301370
4.41,0.313684
4.42,0.202080
4.44,0.223360
4.45,0.230842
4.46,0.225042
4.47,0.217187
4.48,0.130647
4.49,0.187148
4.50,0.197552
4.52,0.175668
4.53,0.165724
4.54,0.160481
4.55,0.161309
4.56,0.136720
4.57,0.117920
4.59,0.110757
4.60,0.105575
4.61,0.092270
4.62,0.076303
4.63,0.075310
4.64,0.105269
4.66,0.097848
4.67,0.118702
4.68,0.116016
4.69,0.457336
4.70,0.561791
4.71,0.534789
4.73,0.635362
4.74,0.556217
4.75,0.533646
4.76,0.413431
4.77,0.476425
4.78,0.371871
4.79,0.508865
4.81,0.594993
4.82,0.482560
4.83,0.759265
4.84,0.777235
4.85,0.720685
4.86,0.697277
4.88,0.652563
4.89,0.473431
4.90,0.394979
4.91,0.469623
4.92,0.600036
4.93,0.601284
4.95,0.531525
4.96,0.480084
4.97,0.484244
4.98,0.595743
4.99,0.699309
5.00,0.731144
5.02,0.650127
5.03,0.661508
5.04,0.320253
5.05,0.324634
5.06,0.372142
5.07,0.537233
5.09,0.627361
5.10,0.532007
5.11,0.603932
5.12,0.573763
5.13,0.442771
5.14,0.488782
5.15,0.455025
5.17,0.532507
5.18,0.450058
5.19,0.341678
5.20,0.306420
5.21,0.301310
5.22,0.227978
5.24,0.383903
5.25,0.374772
5.26,0.460041
5.27,0.396030
5.28,0.292413
5.29,0.303497
5.31,0.430153
5.32,0.389320
5.33,0.332956
5.34,0.230810
5.35,0.512354
5.36,0.617412
5.38,0.487456
5.39,0.350787
5.40,0.378717
5.41,0.444275
5.42,0.426782
5.43,0.612343
5.45,0.575668
5.46,0.548149
5.47,0.396489
5.48,0.403187
5.49,0.505589
5.50,0.480764
5.51,0.513079
5.53,0.552991
5.54,0.426334
5.55,0.337417
5.56,0.330493
5.57,0.420452
5.58,0.536615
5.60,0.447836
5.61,0.376720
5.62,0.476430
5.63,0.527317
5.64,0.545854
5.65,0.546370
5.67,0.542563
5.68,0.378067
5.69,0.385248
5.70,0.493420
5.71,0.511056
5.72,0.516342
5.74,0.628157
5.75,0.436600
5.76,0.345081
5.77,0.534258
5.78,0.629888
5.79,0.519012
5.80,0.401095
5.82,0.459558
5.83,0.539787
5.84,0.397748
5.85,0.351099
5.86,0.486583
5.87,0.650469
5.89,0.579146
5.90,0.407666
5.91,0.521579
5.92,0.640367
5.93,0.434098
5.94,0.445314
5.96,0.385242
5.97,0.481789
5.98,0.456344
5.99,0.414543
6.00,0.464472
6.01,0.447337
6.03,0.573568
6.04,0.504672
6.05,0.426363
6.06,0.426884
6.07,0.462451
6.08,0.550809
6.10,0.483148
6.11,0.511619
6.12,0.516188
6.13,0.504320
6.14,0.547759
6.15,0.507116
6.16,0.426045
6.18,0.276896
6.19,0.213083
6.20,0.382836
6.21,0.567819
6.22,0.584579
6.23,0.475090
6.25,0.557153
6.26,0.663414
6.27,0.546177
6.28,0.655140
6.29,0.546137
6.30,0.587459
6.32,0.445098
6.33,0.491099
6.34,0.620416
6.35,0.579663
6.36,0.540374
6.37,0.387282
6.39,0.346309
6.40,0.310933
6.41,0.358169
6.42,0.466342
6.43,0.319082
6.44,0.298493
6.46,0.240890
6.47,0.245004
6.48,0.195822
6.49,0.259270
6.50,0.441346
6.51,0.500854
6.52,0.519412
6.54,0.298249
6.55,0.340245
6.56,0.399325
6.57,0.425259
6.58,0.402275
6.59,0.287908
6.61,0.410352
6.62,0.436070
6.63,0.444813
6.64,0.422452
6.65,0.298616
6.66,0.380610
6.68,0.455418
6.69,0.454485
6.70,0.414379
6.71,0.421931
6.72,0.378834
6.73,0.384937
6.75,0.357873
6.76,0.338400
6.77,0.321714
6.78,0.278973
6.79,0.353434
6.80,0.323605
6.82,0.340456
6.83,0.334257
6.84,0.253853
6.85,0.199088
6.86,0.200388
6.87,0.270528
6.88,0.257482
6.90,0.357772
6.91,0.317667
6.92,0.359563
6.93,0.397849
6.94,0.384036
6.95,0.444949
6.97,0.406862
6.98,0.375547
6.99,0.401487
7.00,0.463818
7.01,0.460522
7.02,0.524438
7.04,0.471260
7.05,0.321044
7.06,0.357830
7.07,0.304463
7.08,0.487200
7.09,0.484636
7.11,0.802214
7.12,0.798774
7.13,0.584933
7.14,0.563457
7.15,0.393922
7.16,0.562881
7.17,0.412950
7.19,0.461185
7.20,0.500226
7.21,0.388618
7.22,0.481458
7.23,0.460376
7.24,0.544016
7.26,0.405832
7.27,0.485918
7.28,0.555998
7.29,0.555564
7.30,0.594672
7.31,0.520466
7.33,0.520160
7.34,0.417651
7.35,0.527874
7.36,0.538261
7.37,0.468594
7.38,0.481240
7.40,0.309337
7.41,0.309251
7.42,0.348538
7.43,0.429516
7.44,0.367096
7.45,0.293864
7.47,0.302066
7.48,0.209636
7.49,0.326400
7.50,0.339540
7.51,0.459584
7.52,0.293112
7.53,0.301915
7.55,0.480755
7.56,0.579259
7.57,0.395595
7.58,0.461843
7.59,0.440164
7.60,0.440082
7.62,0.303042
7.63,0.306312
7.64,0.319980
7.65,0.517744
7.66,0.429904
7.67,0.325353
7.69,0.412904
7.70,0.413791
7.71,0.560058
7.72,0.388231
7.73,0.448145
7.74,0.547890
7.76,0.536218
7.77,0.609601
7.78,0.391743
7.79,0.395534
7.80,0.322209
7.81,0.373179
7.83,0.481682
7.84,0.445207
7.85,0.492192
7.86,0.455936
7.87,0.470875
7.88,0.313435
7.89,0.362332
7.91,0.442082
7.92,0.424371
7.93,0.474164
7.94,0.373550
7.95,0.361562
7.96,0.367060
7.98,0.407824
7.99,0.437479
8.00,0.408837
8.01,0.510466
8.02,0.488447
8.03,0.586004
8.05,0.556290
8.06,0.348898
8.07,0.316149
8.08,0.374286
8.09,0.541287
8.10,0.502387
8.12,0.480710
8.13,0.484952
8.14,0.518279
8.15,0.551133
8.16,0.473661
8.17,0.428325
8.19,0.549603
8.20,0.589155
8.21,0.579158
8.22,0.523467
8.23,0.409116
8.24,0.462655
8.25,0.425854
8.27,0.499201
8.28,0.466646
8.29,0.461095
8.30,0.715185
8.31,0.590599
8.32,0.411061
8.34,0.280020
8.35,0.303038
8.36,0.432456
8.37,0.426935
8.38,0.469824
8.39,0.466758
8.41,0.450331
8.42,0.418281
8.43,0.446164
8.44,0.432568
8.45,0.445847
8.46,0.441299
8.48,0.444527
8.49,0.482347
8.50,0.496714
8.51,0.532093
8.52,0.351452
8.53,0.328509
8.54,0.307473
8.56,0.383849
8.57,0.373199
8.58,0.395504
8.59,0.336620
8.60,0.264084
8.61,0.301131
8.63,0.229558
8.64,0.344957
8.65,0.340225
8.66,0.366233
8.67,0.348905
8.68,0.303602
8.70,0.364482
8.71,0.334944
8.72,0.471550
8.73,0.270469
8.74,0.261323
8.75,0.398596
8.77,0.395709
8.78,0.433857
8.79,0.400146
8.80,0.398484
8.81,0.299803
8.82,0.333869
8.84,0.307954
8.85,0.237152
8.86,0.288240
8.87,0.301950
8.88,0.353954
8.89,0.424039
8.90,0.441319
8.92,0.361224
8.93,0.317198
8.94,0.513273
8.95,0.548452
8.96,0.504926
8.97,0.489007
8.99,0.313034
9.00,0.299952
9.01,0.391315
9.02,0.382062
9.03,0.472670
9.04,0.489473
9.06,0.443900
9.07,0.359218
9.08,0.354605
9.09,0.399682
9.10,0.477771
9.11,0.471392
9.13,0.408704
9.14,0.357997
9.15,0.403138
9.16,0.409120
9.17,0.357703
9.18,0.323981
9.20,0.311037
9.21,0.298872
9.22,0.348589
9.23,0.361100
9.24,0.332580
9.25,0.313080
9.26,0.433648
9.28,0.506484
9.29,0.529064
9.30,0.404702
9.31,0.435944
9.32,0.571160
9.33,0.649524
9.35,0.538244
9.36,0.396588
9.37,0.271867
9.38,0.477926
9.39,0.494457
9.40,0.424754
9.42,0.286292
9.43,0.327250
9.44,0.473103
9.45,0.431687
9.46,0.451228
9.47,0.387968
9.49,0.341993
9.50,0.485087
9.51,0.650417
9.52,0.632872
9.53,0.574120
9.54,0.440000
9.56,0.417702
9.57,0.444107
9.58,0.432547
9.59,0.361798
9.60,0.371119
9.61,0.447592
9.62,0.462183
9.64,0.492654
9.65,0.478483
9.66,0.392863
9.67,0.395746
9.68,0.429860
9.69,0.431563
9.71,0.401088
9.72,0.489332
9.73,0.481594
9.74,0.434528
9.75,0.410303
9.76,0.314127
9.78,0.368275
9.79,0.427546
9.80,0.316297
9.81,0.434817
9.82,0.616973
9.83,0.565911
9.85,0.455382
9.86,0.476701
9.87,0.602975
9.88,0.456857
9.89,0.454103
9.90,0.575195
9.91,0.543427
9.93,0.320692
9.94,0.413877
9.95,0.596815
9.96,0.583307
9.97,0.540470
9.98,0.545434
10.00,0.525958
10.01,0.430521
10.02,0.415917
10.03,0.482806
10.04,0.457339
10.05,0.410763
10.07,0.325021
10.08,0.475298
10.09,0.524072
10.10,0.488055
10.11,0.433542
10.12,0.513004
10.14,0.442066
10.15,0.466032
10.16,0.380285
10.17,0.595679
10.18,0.638476
10.19,0.559648
10.21,0.382736
10.22,0.503454
10.23,0.501285
10.24,0.338173
10.25,0.380823
10.26,0.330804
10.27,0.316600
10.29,0.476686
10.30,0.383662
10.31,0.351826
10.32,0.433053
10.33,0.295290
10.34,0.205474
10.36,0.294982
10.37,0.272001
10.38,0.287178
10.39,0.402147
10.40,0.346858
10.41,0.256457
10.43,0.337277
10.44,0.296889
10.45,0.351442
10.46,0.464996
10.47,0.458965
10.48,0.406484
10.50,0.415005
10.51,0.442531
10.52,0.487030
10.53,0.497933
10.54,0.322311
10.55,0.349855
10.57,0.426352
10.58,0.439018
10.59,0.376402
10.60,0.332208
10.61,0.278960
10.62,0.344004
10.63,0.373766
10.65,0.270143
10.66,0.194977
10.67,0.215378
10.68,0.361500
10.69,0.764760
10.70,0.693574
10.72,0.593844
10.73,0.288059
10.74,0.342417
10.75,0.470639
10.76,0.454139
10.77,0.502895
10.79,0.397146
10.80,0.436258
10.81,0.403368
10.82,0.390312
10.83,0.371599
10.84,0.500671
10.86,0.521771
10.87,0.397657
10.88,0.424086
10.89,0.338782
10.90,0.343636
10.91,0.464066
10.92,0.438903
10.94,0.347633
10.95,0.317550
10.96,0.330222
10.97,0.355780
10.98,0.371102
10.99,0.274799
11.01,0.407832
11.02,0.451715
11.03,0.454353
11.04,0.356063
11.05,0.347185
11.06,0.401178
11.08,0.571964
11.09,0.437265
11.10,0.508014
11.11,0.486468
11.12,0.534518
11.13,0.592890
11.15,0.583478
11.16,0.619118
11.17,0.514155
11.18,0.581289
11.19,0.516138
11.20,0.543453
11.22,0.530893
11.23,0.427639
11.24,0.463562
11.25,0.600434
11.26,0.566395
11.27,0.375857
11.28,0.370485
11.30,0.567927
11.31,0.624644
11.32,0.631738
11.33,0.544331
11.34,0.668690
11.35,0.767254
11.37,0.696307
11.38,0.563147
11.39,0.464486
11.40,0.403538
11.41,0.683233
11.42,0.632906
11.44,0.586414
11.45,0.354453
11.46,0.391753
11.47,0.475525
11.48,0.442274
11.49,0.330447
11.51,0.298004
11.52,0.361248
11.53,0.339717
11.54,0.380686
11.55,0.164696
11.56,0.258945
11.58,0.350728
11.59,0.422572
11.60,0.363805
11.61,0.253163
11.62,0.430881
11.63,0.409843
11.64,0.359026
11.66,0.253882
11.67,0.293462
11.68,0.442377
11.69,0.463588
11.70,0.375402
11.71,0.307809
11.73,0.463165
11.74,0.440303
11.75,0.371239
11.76,0.274735
11.77,0.375284
11.78,0.409297
11.80,0.409498
11.81,0.350839
11.82,0.262555
11.83,0.410225
11.84,0.448493
11.85,0.431887
11.87,0.343796
11.88,0.207612
11.89,0.449698
11.90,0.646524
11.91,0.730891
11.92,0.688564
11.94,0.490767
11.95,0.299388
11.96,0.358238
11.97,0.388203
11.98,0.485502
11.99,0.499720
12.00,0.352157
12.02,0.567284
12.03,0.579499
12.04,0.564407
12.05,0.518997
12.06,0.391980
12.07,0.555300
12.09,0.615207
12.10,0.512545
12.11,0.400766
12.12,0.439287
12.13,0.526250
12.14,0.554835
12.16,0.512803
12.17,0.336863
12.18,0.439546
12.19,0.536285
12.20,0.538086
12.21,0.599988
12.23,0.494786
12.24,0.546933
12.25,0.628088
12.26,0.620129
12.27,0.453419
12.28,0.507568
12.29,0.637902
12.31,0.618146
12.32,0.550385
12.33,0.447065
12.34,0.554120
12.35,0.536217
12.36,0.621607
12.38,0.428026
12.39,0.308734
12.40,0.597225
12.41,0.632853
12.42,0.564055
12.43,0.464675
12.45,0.522284
12.46,0.573072
12.47,0.702924
12.48,0.537799
12.49,0.543938
12.50,0.695725
12.52,0.572323
12.53,0.434274
12.54,0.367528
12.55,0.402391
12.56,0.514804
12.57,0.525205
12.59,0.341538
12.60,0.447040
12.61,0.496489
12.62,0.459617
12.63,0.431824
12.64,0.346669
12.65,0.374672
12.67,0.546984
12.68,0.662107
12.69,0.557543
12.70,0.232646
12.71,0.348523
12.72,0.451676
12.74,0.433030
12.75,0.334787
12.76,0.291395
12.77,0.411053
12.78,0.445902
12.79,0.308915
12.81,0.206802
12.82,0.309828
12.83,0.318540
12.84,0.351703
12.85,0.465678
12.86,0.406786
12.88,0.358552
12.89,0.394929
12.90,0.450223
12.91,0.473654
12.92,0.477846
12.93,0.462815
12.95,0.484796
12.96,0.461848
12.97,0.413534
12.98,0.502069
12.99,0.457894
13.00,0.383179
13.01,0.347290
13.03,0.385151
13.04,0.418826
13.05,0.375270
13.06,0.312569
13.07,0.381348
13.08,0.465866
13.10,0.628459
13.11,0.523813
13.12,0.524609
13.13,0.580994
13.14,0.438883
13.15,0.373027
13.17,0.345992
13.18,0.289046
13.19,0.199268
13.20,0.283087
13.21,0.422600
13.22,0.427248
13.24,0.357032
13.25,0.294149
13.26,0.324916
13.27,0.377472
13.28,0.391949
13.29,0.372793
13.31,0.327525
13.32,0.413386
13.33,0.397684
13.34,0.460220
13.35,0.451279
13.36,0.388835
13.37,0.376679
13.39,0.395341
13.40,0.428092
13.41,0.376073
13.42,0.301263
13.43,0.417366
13.44,0.517200
13.46,0.484274
13.47,0.439865
13.48,0.492350
13.49,0.345676
13.50,0.321844
13.51,0.348692
13.53,0.434081
13.54,0.423655
13.55,0.387142
13.56,0.344375
13.57,0.403835
13.58,0.431057
13.60,0.432927
13.61,0.312804
13.62,0.287363
13.63,0.323420
13.64,0.459943
13.65,0.326942
13.66,0.290043
13.68,0.452398
13.69,0.529647
13.70,0.672505
13.71,0.527503
13.72,0.448898
13.73,0.418336
13.75,0.400222
13.76,0.392406
13.77,0.408794
13.78,0.339295
13.79,0.340239
13.80,0.370070
13.82,0.446850
13.83,0.393348
13.84,0.405332
13.85,0.345891
13.86,0.238090
13.87,0.381200
13.89,0.527413
13.90,0.388858
13.91,0.270504
13.92,0.335121
13.93,0.477524
13.94,0.385198
13.96,0.382575
13.97,0.328005
13.98,0.444712
13.99,0.342740
14.00,0.341421
14.01,0.291110
14.02,0.398353
14.04,0.322988
14.05,0.383186
14.06,0.329792
14.07,0.405842
14.08,0.474608
14.09,0.414635
14.11,0.417718
14.12,0.337167
14.13,0.464641
14.14,0.415781
14.15,0.378637
14.16,0.356802
14.18,0.478524
14.19,0.412007
14.20,0.371687
14.21,0.317380
14.22,0.430788
14.23,0.529327
14.25,0.453749
14.26,0.516668
14.27,0.512242
14.28,0.562214
14.29,0.684018
14.30,0.829467
14.32,0.709762
14.33,0.803112
14.34,0.647619
14.35,0.470285
14.36,0.413623
14.37,0.526506
14.38,0.633072
14.40,0.644228
14.41,0.291644
14.42,0.454454
14.43,0.503046
14.44,0.435754
14.45,0.668199
14.47,0.691996
14.48,0.664079
14.49,0.661730
14.50,0.639836
14.51,0.464129
14.52,0.666725
14.54,0.538207
14.55,0.502105
14.56,0.331941
14.57,0.265017
14.58,0.366839
14.59,0.416615
14.61,0.732918
14.62,0.634029
14.63,0.496846
14.64,0.480584
14.65,0.464955
14.66,0.593700
14.68,0.538010
14.69,0.390701
14.70,0.375085
14.71,0.440403
14.72,0.547280
14.73,0.781170
14.74,0.615895
14.76,0.548076
14.77,0.601328
14.78,0.483226
14.79,0.548717
14.80,0.583057
14.81,0.473803
14.83,0.372118
14.84,0.327976
14.85,0.364029
14.86,0.387844
14.87,0.612762
14.88,0.661715
14.90,0.775397
14.91,0.596683
14.92,0.341802
14.93,0.410204
14.94,0.570823
14.95,0.567036
14.97,0.577767
14.98,0.279964
14.99,0.494411
15.00,0.525205
15.01,0.638231
15.02,0.602482
15.03,0.704825
15.05,0.598685
15.06,0.619722
15.07,0.541346
15.08,0.572644
15.09,0.341714
15.10,0.292292
15.12,0.527694
15.13,0.475025
15.14,0.515252
15.15,0.616197
15.16,0.624935
15.17,0.422049
15.19,0.552658
15.20,0.669013
15.21,0.678805
15.22,0.523622
15.23,0.393225
15.24,0.492977
15.26,0.681368
15.27,0.515031
15.28,0.339899
15.29,0.355771
15.30,0.532854
15.31,0.418849
15.33,0.341021
15.34,0.427722
15.35,0.542354
15.36,0.645263
15.37,0.579140
15.38,0.288315
15.39,0.526707
15.41,0.557573
15.42,0.536746
15.43,0.417629
15.44,0.447724
15.45,0.398730
15.46,0.491792
15.48,0.568201
15.49,0.729176
15.50,0.850994
15.51,0.789619
15.52,0.751199
15.53,0.740113
15.55,0.560684
15.56,0.649650
15.57,0.624411
15.58,0.464960
15.59,0.544769
15.60,0.500386
15.62,0.429423
15.63,0.487049
15.64,0.587550
15.65,0.681505
15.66,0.597148
15.67,0.522057
15.69,0.515974
15.70,0.496757
15.71,0.516239
15.72,0.588279
15.73,0.555571
15.74,0.504534
15.75,0.564231
15.77,0.499665
15.78,0.438139
15.79,0.359996
15.80,0.440062
15.81,0.458340
15.82,0.421226
15.84,0.516420
15.85,0.617788
15.86,0.535610
15.87,0.732642
15.88,0.788689
15.89,0.724533
15.91,0.688984
15.92,0.695080
15.93,0.530711
15.94,0.480054
15.95,0.452884
15.96,0.548812
15.98,0.501668
15.99,0.407375
16.00,0.273652
16.01,0.317882
16.02,0.388028
16.03,0.315921
16.04,0.192669
16.06,0.232528
16.07,0.241234
16.08,0.286358
16.09,0.397052
16.10,0.523087
16.11,0.495981
16.13,0.369303
16.14,0.292094
16.15,0.249511
16.16,0.306312
16.17,0.249652
16.18,0.370693
16.20,0.305638
16.21,0.148648
16.22,0.241754
16.23,0.186017
16.24,0.220495
16.25,0.241917
16.27,0.278573
16.28,0.212132
16.29,0.166836
16.30,0.257208
16.31,0.205795
16.32,0.233541
16.34,0.251423
16.35,0.320505
16.36,0.198334
16.37,0.206823
16.38,0.244358
16.39,0.213040
16.40,0.216463
16.42,0.161979
16.43,0.221426
16.44,0.179536
16.45,0.216542
16.46,0.185237
16.47,0.232492
16.49,0.185975
16.50,0.225283
16.51,0.233445
16.52,0.153349
16.53,0.188663
16.54,0.264010
16.56,0.304663
16.57,0.284790
16.58,0.215706
16.59,0.276213
16.60,0.235111
16.61,0.275708
16.63,0.292167
16.64,0.274499
16.65,0.219010
16.66,0.216645
16.67,0.282006
16.68,0.664311
16.70,0.681964
16.71,0.621520
16.72,0.723635
16.73,0.446033
16.74,0.466106
16.75,0.381860
16.76,0.398891
16.78,0.415454
16.79,0.272064
16.80,0.301546
16.81,0.282132
16.82,0.303748
16.83,0.310592
16.85,0.389130
16.86,0.379170
16.87,0.285178
16.88,0.310419
16.89,0.346049
16.90,0.379117
16.92,0.306739
16.93,0.371548
16.94,0.411290
16.95,0.323566
16.96,0.365594
16.97,0.352473
16.99,0.385369
17.00,0.349799
17.01,0.522739
17.02,0.637876
17.03,0.493549
17.04,0.269546
17.06,0.227442
17.07,0.333520
17.08,0.388122
17.09,0.281834
17.10,0.263448
17.11,0.320307
17.12,0.311395
17.14,0.408210
17.15,0.347056
17.16,0.345508
17.17,0.379980
17.18,0.382008
17.19,0.340430
17.21,0.400277
17.22,0.376840
17.23,0.298559
17.24,0.422660
17.25,0.369231
17.26,0.309957
17.28,0.332840
17.29,0.370464
17.30,0.536263
17.31,0.564378
17.32,0.465398
17.33,0.442049
17.35,0.229589
17.36,0.568399
17.37,0.520955
17.38,0.488121
17.39,0.236549
17.40,0.316058
17.41,0.370363
17.43,0.483303
17.44,0.372665
17.45,0.359731
17.46,0.316524
17.47,0.248386
17.48,0.508867
17.50,0.600941
17.51,0.470112
17.52,0.348296
17.53,0.254301
17.54,0.314535
17.55,0.227278
17.57,0.200888
17.58,0.252624
17.59,0.207569
17.60,0.220738
17.61,0.218489
17.62,0.217399
17.64,0.200645
17.65,0.245981
17.66,0.354839
17.67,0.464985
17.68,0.346151
17.69,0.275915
17.71,0.339490
17.72,0.300713
17.73,0.195452
17.74,0.385879
17.75,0.466000
17.76,0.363651
17.77,0.366904
17.79,0.419291
17.80,0.363059
17.81,0.228438
17.82,0.347139
17.83,0.394788
17.84,0.269918
17.86,0.367402
17.87,0.340684
17.88,0.248734
17.89,0.416464
17.90,0.472090
17.91,0.611945
17.93,0.589065
17.94,0.473559
17.95,0.466351
17.96,0.372208
17.97,0.428794
17.98,0.465506
18.00,0.383928
18.01,0.501467
18.02,0.459270
18.03,0.460179
18.04,0.338255
18.05,0.409197
18.07,0.489934
18.08,0.591565
18.09,0.545414
18.10,0.463914
18.11,0.497837
18.12,0.491429
18.13,0.464304
18.15,0.579727
18.16,0.491613
18.17,0.426987
18.18,0.507040
18.19,0.437307
18.20,0.371362
18.22,0.361427
18.23,0.506257
18.24,0.488755
18.25,0.435225
18.26,0.488268
18.27,0.389434
18.29,0.366099
18.30,0.322386
18.31,0.437604
18.32,0.425032
18.33,0.332593
18.34,0.394483
18.36,0.394808
18.37,0.377228
18.38,0.365704
18.39,0.461143
18.40,0.454209
18.41,0.406146
18.43,0.352361
18.44,0.317788
18.45,0.401363
18.46,0.346488
18.47,0.322975
18.48,0.356119
18.49,0.425256
18.51,0.384784
18.52,0.428122
18.53,0.388548
18.54,0.379625
18.55,0.330851
18.56,0.202688
18.58,0.395152
18.59,0.344467
18.60,0.383043
18.61,0.290141
18.62,0.364148
18.63,0.333650
18.65,0.204912
18.66,0.291057
18.67,0.334219
18.68,0.380538
18.69,0.246778
18.70,0.381028
18.72,0.418167
18.73,0.258135
18.74,0.386086
18.75,0.404987
18.76,0.370907
18.77,0.165809
18.78,0.279616
18.80,0.309251
18.81,0.347740
18.82,0.335606
18.83,0.328554
18.84,0.307761
18.85,0.320551
18.87,0.307549
18.88,0.323499
18.89,0.304749
18.90,0.305660
18.91,0.252525
18.92,0.313953
18.94,0.394777
18.95,0.329945
18.96,0.197577
18.97,0.402611
18.98,0.488185
18.99,0.371439
19.01,0.401831
19.02,0.316379
19.03,0.322370
19.04,0.371496
19.05,0.489396
19.06,0.485564
19.08,0.414773
19.09,0.615585
19.10,0.771695
19.11,0.724527
19.12,0.795292
19.13,0.522184
19.14,0.660150
19.16,0.539024
19.17,0.388358
19.18,0.419948
19.19,0.443689
19.20,0.373244
19.21,0.286795
19.23,0.448266
19.24,0.436163
19.25,0.316712
19.26,0.315911
19.27,0.411160
19.28,0.445215
19.30,0.452199
19.31,0.317178
19.32,0.296044
19.33,0.406723
19.34,0.412873
19.35,0.394878
19.37,0.322552
19.38,0.437940
19.39,0.405585
19.40,0.397028
19.41,0.269139
19.42,0.273298
19.44,0.342522
19.45,0.408723
19.46,0.505619
19.47,0.503522
19.48,0.495441
19.49,0.463594
19.50,0.476734
19.52,0.435611
19.53,0.354421
19.54,0.511988
19.55,0.561626
19.56,0.620746
19.57,0.501899
19.59,0.426842
19.60,0.575125
19.61,0.475176
19.62,0.459179
19.63,0.385046
19.64,0.496260
19.66,0.441245
19.67,0.357739
19.68,0.343869
19.69,0.484542
19.70,0.522719
19.71,0.478270
19.73,0.332013
19.74,0.378261
19.75,0.294296
19.76,0.308699
19.77,0.467583
19.78,0.509921
19.80,0.448754
19.81,0.399551
19.82,0.536820
19.83,0.584323
19.84,0.446367
19.85,0.369816
19.86,0.437617
19.88,0.648972
19.89,0.629921
19.90,0.574020
19.91,0.361373
19.92,0.562439
19.93,0.474969
19.95,0.499514
19.96,0.515175
19.97,0.446658
19.98,0.448722
19.99,0.476409
20.00,0.436839
20.02,0.322553
20.03,0.504125
20.04,0.514621
20.05,0.458978
20.06,0.501518
20.07,0.549219
20.09,0.431612
20.10,0.477533
20.11,0.406182
20.12,0.355867
20.13,0.348428
20.14,0.427665
20.15,0.564880
20.17,0.471501
20.18,0.443678
20.19,0.420233
20.20,0.506891
20.21,0.561943
20.22,0.462461
20.24,0.456572
20.25,0.468282
20.26,0.460536
20.27,0.403406
20.28,0.638492
20.29,0.546496
20.31,0.435399
20.32,0.279744
20.33,0.641063
20.34,0.684411
20.35,0.612514
20.36,0.492112
20.38,0.387727
20.39,0.432161
20.40,0.572980
20.41,0.510830
20.42,0.355343
20.43,0.358481
20.45,0.653581
20.46,0.738020
20.47,0.943479
20.48,0.521024
20.49,0.609539
20.50,0.757868
20.51,0.621890
20.53,0.599548
20.54,0.590914
20.55,0.678199
20.56,0.697155
20.57,0.749208
20.58,0.523242
20.60,0.372541
20.61,0.467398
20.62,0.483114
20.63,0.418880
20.64,0.383893
20.65,0.460693
20.67,0.479543
20.68,0.387767
20.69,0.374048
20.70,0.354719
20.71,0.469882
20.72,0.501656
20.74,0.485031
20.75,0.561189
20.76,0.528310
20.77,0.464233
20.78,0.496835
20.79,0.723814
20.81,0.616349
20.82,0.469623
20.83,0.513603
20.84,0.636018
20.85,0.754682
20.86,0.625357
20.87,0.384399
20.89,0.829670
20.90,0.791881
20.91,0.761193
20.92,0.510214
20.93,0.314207
20.94,0.509609
20.96,0.702105
20.97,0.491546
20.98,0.524832
20.99,0.608906
21.00,0.636857
21.01,0.628591
21.03,0.427865
21.04,0.287762
21.05,0.511418
21.06,0.589740
21.07,0.485523
21.08,0.263674
21.10,0.281645
21.11,0.362383
21.12,0.417032
21.13,0.364361
21.14,0.262379
21.15,0.311754
21.16,0.369964
21.18,0.361904
21.19,0.377685
21.20,0.433871
21.21,0.297703
21.22,0.295808
21.23,0.296270
21.25,0.253017
21.26,0.207422
21.27,0.253948
21.28,0.423118
21.29,0.417059
21.30,0.462126
21.32,0.337709
21.33,0.356865
21.34,0.383778
21.35,0.358750
21.36,0.366345
21.37,0.300849
21.39,0.328622
21.40,0.322910
21.41,0.336113
21.42,0.446440
21.43,0.361010
21.44,0.375045
21.46,0.318430
21.47,0.312010
21.48,0.282625
21.49,0.361679
21.50,0.566929
21.51,0.528269
21.52,0.592050
21.54,0.490836
21.55,0.431004
21.56,0.506565
21.57,0.477310
21.58,0.439067
21.59,0.325020
21.61,0.420816
21.62,0.560060
21.63,0.546479
21.64,0.494390
21.65,0.460971
21.66,0.449603
21.68,0.619122
21.69,0.493150
21.70,0.331486
21.71,0.307864
21.72,0.437809
21.73,0.542109
21.75,0.487662
21.76,0.394524
21.77,0.399719
21.78,0.437904
21.79,0.551386
21.80,0.568200
21.82,0.444191
21.83,0.465818
21.84,0.563727
21.85,0.520192
21.86,0.532362
21.87,0.395873
21.88,0.295467
21.90,0.535901
21.91,0.548431
21.92,0.483347
21.93,0.356458
21.94,0.390756
21.95,0.537441
21.97,0.588449
21.98,0.456150
21.99,0.317435
22.00,0.446116
22.01,0.514947
22.02,0.581659
22.04,0.490860
22.05,0.379146
22.06,0.565167
22.07,0.539015
22.08,0.443991
22.09,0.360403
22.11,0.416375
22.12,0.451234
22.13,0.423514
22.14,0.408091
22.15,0.368169
22.16,0.446083
22.18,0.369393
22.19,0.401544
22.20,0.373212
22.21,0.364532
22.22,0.423728
22.23,0.350702
22.24,0.391632
22.26,0.460734
22.27,0.446163
22.28,0.385201
22.29,0.408049
22.30,0.381171
22.31,0.472760
22.33,0.422058
22.34,0.482889
22.35,0.501504
22.36,0.325084
22.37,0.232616
22.38,0.379141
22.40,0.571290
22.41,0.444902
22.42,0.395597
22.43,0.306605
22.44,0.351535
22.45,0.385920
22.47,0.377825
22.48,0.385912
22.49,0.412160
22.50,0.491347
22.51,0.468232
22.52,0.385465
22.53,0.338064
22.55,0.436521
22.56,0.380460
22.57,0.428865
22.58,0.360664
22.59,0.307979
22.60,0.310203
22.62,0.401721
22.63,0.341834
22.64,0.314335
22.65,0.276878
22.66,0.249283
22.67,0.392370
22.69,0.566198
22.70,0.765499
22.71,0.843502
22.72,0.780000
22.73,0.487742
22.74,0.303438
22.76,0.460763
22.77,0.500339
22.78,0.397559
22.79,0.470654
22.80,0.423046
22.81,0.357567
22.83,0.437525
22.84,0.466359
22.85,0.424657
22.86,0.337953
22.87,0.318736
22.88,0.447766
22.89,0.598622
22.91,0.497154
22.92,0.522883
22.93,0.324133
22.94,0.313523
22.95,0.465027
22.96,0.500951
22.98,0.346058
22.99,0.457975
23.00,0.449276
23.01,0.412379
23.02,0.399058
23.03,0.243005
23.05,0.358000
23.06,0.392617
23.07,0.427941
23.08,0.381070
23.09,0.354906
23.10,0.346640
23.12,0.428505
23.13,0.442531
23.14,0.515655
23.15,0.352826
23.16,0.425344
23.17,0.491652
23.19,0.331797
23.20,0.286258
23.21,0.473211
23.22,0.603324
23.23,0.581332
23.24,0.336614
23.25,0.401559
23.27,0.501340
23.28,0.509906
23.29,0.537417
23.30,0.384075
23.31,0.414521
23.32,0.627185
23.34,0.523852
23.35,0.377921
23.36,0.284651
23.37,0.408219
23.38,0.445719
23.39,0.393344
23.41,0.467743
23.42,0.442192
23.43,0.513831
23.44,0.433150
23.45,0.403039
23.46,0.591319
23.48,0.539576
23.49,0.617560
23.50,0.622249
23.51,0.469823
23.52,0.580066
23.53,0.633589
23.55,0.603023
23.56,0.620895
23.57,0.397235
23.58,0.293349
23.59,0.379822
23.60,0.512574
23.61,0.377915
23.63,0.301075
23.64,0.464923
23.65,0.611094
23.66,0.633337
23.67,0.585355
23.68,0.397470
23.70,0.474117
23.71,0.525250
23.72,0.451842
23.73,0.450182
23.74,0.417113
23.75,0.543129
23.77,0.502423
23.78,0.421484
23.79,0.380983
23.80,0.237659
23.81,0.305380
23.82,0.465787
23.84,0.565293
23.85,0.554857
23.86,0.435951
23.87,0.300387
23.88,0.546179
23.89,0.692069
23.90,0.754937
23.92,0.720731
23.93,0.419878
23.94,0.274084
23.95,0.335492
23.96,0.369489
23.97,0.446809
23.99,0.441796
24.00,0.458996
24.01,0.492542
24.02,0.406287
24.03,0.473526
24.04,0.580512
24.06,0.568250
24.07,0.516820
24.08,0.449302
24.09,0.516143
24.10,0.417455
24.11,0.339556
24.13,0.396827
24.14,0.415080
24.15,0.399386
24.16,0.441262
24.17,0.308061
24.18,0.214573
24.20,0.285786
24.21,0.394936
24.22,0.592250
24.23,0.574463
24.24,0.382761
24.25,0.302772
24.26,0.246255
24.28,0.222247
24.29,0.265640
24.30,0.356744
24.31,0.370900
24.32,0.335005
24.33,0.272385
24.35,0.189151
24.36,0.191691
24.37,0.286187
24.38,0.355102
24.39,0.335951
24.40,0.467907
24.42,0.438780
24.43,0.329874
24.44,0.440967
24.45,0.417834
24.46,0.404594
24.47,0.486659
24.49,0.246989
24.50,0.417985
24.51,0.602584
24.52,0.737127
24.53,0.439700
24.54,0.482947
24.56,0.449076
24.57,0.281993
24.58,0.239852
24.59,0.222380
24.60,0.426724
24.61,0.492707
24.62,0.421230
24.64,0.539961
24.65,0.399903
24.66,0.338235
24.67,0.357069
24.68,0.311820
24.69,0.349704
24.71,0.393896
24.72,0.373862
24.73,0.461430
24.74,0.419807
24.75,0.270277
24.76,0.258458
24.78,0.232715
24.79,0.244782
24.80,0.270062
24.81,0.351095
24.82,0.404294
24.83,0.326400
24.85,0.405362
24.86,0.524080
24.87,0.479110
24.88,0.320782
24.89,0.220031
24.90,0.288144
24.92,0.484717
24.93,0.603970
24.94,0.562415
24.95,0.489270
24.96,0.643083
24.97,0.676055
24.98,0.400719
25.00,0.536154
25.01,0.643787
25.02,0.482150
25.03,0.481826
25.04,0.381476
25.05,0.357702
25.07,0.382294
25.08,0.566437
25.09,0.643665
25.10,0.569201
25.11,0.508764
25.12,0.570596
25.14,0.742445
25.15,0.822933
25.16,0.587938
25.17,0.501294
25.18,0.435626
25.19,0.313755
25.21,0.308694
25.22,0.531360
25.23,0.710084
25.24,0.628618
25.25,0.461931
25.26,0.315064
25.27,0.382643
25.29,0.479201
25.30,0.441859
25.31,0.449224
25.32,0.344050
25.33,0.337120
25.34,0.390577
25.36,0.405992
25.37,0.311368
25.38,0.240782
25.39,0.249079
25.40,0.162397
25.41,0.370263
25.43,0.367473
25.44,0.387350
25.45,0.635560
25.46,0.620861
25.47,0.448717
25.48,0.583756
25.50,0.656751
25.51,0.470433
25.52,0.330485
25.53,0.521345
25.54,0.540961
25.55,0.518787
25.57,0.310676
25.58,0.328939
25.59,0.441822
25.60,0.331541
25.61,0.348992
25.62,0.308846
25.63,0.338166
25.65,0.211570
25.66,0.298634
25.67,0.380670
25.68,0.349054
25.69,0.223055
25.70,0.332696
25.72,0.385562
25.73,0.325227
25.74,0.355833
25.75,0.296634
25.76,0.387904
25.77,0.478210
25.79,0.404535
25.80,0.281576
25.81,0.259633
25.82,0.443429
25.83,0.452505
25.84,0.216957
25.86,0.482043
25.87,0.461046
25.88,0.453276
25.89,0.346846
25.90,0.407011
25.91,0.446189
25.93,0.358586
25.94,0.442876
25.95,0.503547
25.96,0.348845
25.97,0.262605
25.98,0.332171
25.99,0.369287
26.01,0.254705
26.02,0.293350
26.03,0.285949
26.04,0.142083
26.05,0.203775
26.06,0.320016
26.08,0.312304
26.09,0.307781
26.10,0.316580
26.11,0.296851
26.12,0.282314
26.13,0.297438
26.15,0.317687
26.16,0.399555
26.17,0.401163
26.18,0.370204
26.19,0.487105
26.20,0.439438
26.22,0.483633
26.23,0.470774
26.24,0.533428
26.25,0.393365
26.26,0.387844
26.27,0.323796
26.28,0.243636
26.30,0.650982
26.31,0.587986
26.32,0.602942
26.33,0.655701
26.34,0.565813
26.35,0.594369
26.37,0.437745
26.38,0.472052
26.39,0.526082
26.40,0.433405
26.41,0.400115
26.42,0.406983
26.44,0.504337
26.45,0.528149
26.46,0.545192
26.47,0.537899
26.48,0.435418
26.49,0.460125
26.51,0.478758
26.52,0.518329
26.53,0.517907
26.54,0.527817
26.55,0.487281
26.56,0.395910
26.58,0.410994
26.59,0.518982
26.60,0.393918
26.61,0.354602
26.62,0.433209
26.63,0.396370
26.64,0.378629
26.66,0.333590
26.67,0.137752
26.68,0.245083
26.69,0.282638
26.70,0.321404
26.71,0.288858
26.73,0.282378
26.74,0.531212
26.75,0.521224
26.76,0.400210
26.77,0.267029
26.78,0.476392
26.80,0.419607
26.81,0.311112
26.82,0.231404
26.83,0.340933
26.84,0.431448
26.85,0.424264
26.87,0.306114
26.88,0.369327
26.89,0.363315
26.90,0.528886
26.91,0.629841
26.92,0.644064
26.94,0.545052
26.95,0.469536
26.96,0.470879
26.97,0.268644
26.98,0.548037
26.99,0.428532
27.00,0.451608
27.02,0.446264
27.03,0.437196
27.04,0.378699
27.05,0.380026
27.06,0.499854
27.07,0.392000
27.09,0.486576
27.10,0.500516
27.11,0.435100
27.12,0.379813
27.13,0.383096
27.14,0.449904
27.16,0.322127
27.17,0.371284
27.18,0.406435
27.19,0.339812
27.20,0.543523
27.21,0.459321
27.23,0.493620
27.24,0.340568
27.25,0.247265
27.26,0.442021
27.27,0.524699
27.28,0.549911
27.30,0.496595
27.31,0.507442
27.32,0.612734
27.33,0.533848
27.34,0.483558
27.35,0.477033
27.36,0.547866
27.38,0.542940
27.39,0.491656
27.40,0.523843
27.41,0.592263
27.42,0.565733
27.43,0.557542
27.45,0.543277
27.46,0.479577
27.47,0.498882
27.48,0.485251
27.49,0.691593
27.50,0.689210
27.52,0.554557
27.53,0.597383
27.54,0.513775
27.55,0.373826
27.56,0.313140
27.57,0.380389
27.59,0.502153
27.60,0.571096
27.61,0.624811
27.62,0.607087
27.63,0.545331
27.64,0.572965
27.65,0.491741
27.67,0.422427
27.68,0.510100
27.69,0.484421
27.70,0.498854
27.71,0.512356
27.72,0.534943
27.74,0.505370
27.75,0.412660
27.76,0.273740
27.77,0.326481
27.78,0.296862
27.79,0.321253
27.81,0.333581
27.82,0.434551
27.83,0.525062
27.84,0.451042
27.85,0.297982
27.86,0.228677
27.88,0.481258
27.89,0.539528
27.90,0.522316
27.91,0.524543
27.92,0.414806
27.93,0.348379
27.95,0.397550
27.96,0.523120
27.97,0.496491
27.98,0.419095
27.99,0.412130
28.00,0.270099
28.01,0.315023
28.03,0.292393
28.04,0.280527
28.05,0.262535
28.06,0.271410
28.07,0.330004
28.08,0.281458
28.10,0.351083
28.11,0.439732
28.12,0.564323
28.13,0.479240
28.14,0.423833
28.15,0.466045
28.17,0.432153
28.18,0.357563
28.19,0.289447
28.20,0.460896
28.21,0.452170
28.22,0.427452
28.24,0.427075
28.25,0.430632
28.26,0.449513
28.27,0.304672
28.28,0.440959
28.29,0.443864
28.31,0.407083
28.32,0.340323
28.33,0.350321
28.34,0.379438
28.35,0.263350
28.36,0.305193
28.37,0.328397
28.39,0.264588
28.40,0.239396
28.41,0.218934
28.42,0.255943
28.43,0.315750
28.44,0.355083
28.46,0.549646
28.47,0.602035
28.48,0.360863
28.49,0.488952
28.50,0.605916
28.51,0.537370
28.53,0.457425
28.54,0.548409
28.55,0.421834
28.56,0.402146
28.57,0.492720
28.58,0.465187
28.60,0.396218
28.61,0.281069
28.62,0.404511
28.63,0.479808
28.64,0.446074
28.65,0.483503
28.67,0.485219
28.68,0.351895
28.69,0.269163
28.70,0.578288
28.71,0.671068
28.72,0.550588
28.73,0.472309
28.75,0.487325
28.76,0.350944
28.77,0.339063
28.78,0.327900
28.79,0.360327
28.80,0.365838
28.82,0.370218
28.83,0.448310
28.84,0.397407
28.85,0.430226
28.86,0.453810
28.87,0.453943
28.89,0.484056
28.90,0.445218
28.91,0.431398
28.92,0.437007
28.93,0.487482
28.94,0.478964
28.96,0.471477
28.97,0.482554
28.98,0.379964
28.99,0.407366
29.00,0.414647
29.01,0.406380
29.02,0.559275
29.04,0.537432
29.05,0.343075
29.06,0.366160
29.07,0.395624
29.08,0.349660
29.09,0.428854
29.11,0.447084
29.12,0.419839
29.13,0.412281
29.14,0.467628
29.15,0.486375
29.16,0.513436
29.18,0.389153
29.19,0.255616
29.20,0.374431
29.21,0.487616
29.22,0.460728
29.23,0.453832
29.25,0.426355
29.26,0.304814
29.27,0.337933
29.28,0.295457
29.29,0.311095
29.30,0.415643
29.32,0.383249
29.33,0.461550
29.34,0.447944
29.35,0.497485
29.36,0.529754
29.37,0.507125
29.38,0.471342
29.40,0.464958
29.41,0.530525
29.42,0.339677
29.43,0.510043
29.44,0.575791
29.45,0.453844
29.47,0.446414
29.48,0.467697
29.49,0.320312
29.50,0.281015
29.51,0.290686
29.52,0.286499
29.54,0.350468
29.55,0.405259
29.56,0.379853
29.57,0.333947
29.58,0.292430
29.59,0.250297
29.61,0.347040
29.62,0.267132
29.63,0.265167
29.64,0.311592
29.65,0.390649
29.66,0.346101
29.68,0.335176
29.69,0.396310
29.70,0.451334
29.71,0.459700
29.72,0.403737
29.73,0.369411
29.74,0.369676
29.76,0.385035
29.77,0.406682
29.78,0.338121
29.79,0.267206
29.80,0.365060
29.81,0.408941
29.83,0.404105
29.84,0.388919
29.85,0.225156
29.86,0.204540
29.87,0.291042
